4181.088  1435869955
4176.064  1435870076
4181.088  1435870198
4181.088  1435870319
4181.088  1435870440
4181.088  1435870562
4181.088  1435870683
4181.088  1435870805
4181.088  1435870926
4176.064  1435871048
4186.112  1435871169
4186.112  1435871291
4181.088  1435871412
4181.088  1435871534
4181.088  1435871655
4176.064  1435871777
4186.112  1435871898
4176.064  1435872020
4176.064  1435872141
4176.064  1435872262
4186.112  1435872384
4186.112  1435872505
4181.088  1435872627
4181.088  1435872748
4181.088  1435872870
4181.088  1435872991
4181.088  1435873113
4181.088  1435873234
4181.088  1435873356
4186.112  1435873477
4181.088  1435873599
4181.088  1435873720
4181.088  1435873841
4176.064  1435873963
4186.112  1435874084
4186.112  1435874206
4176.064  1435874327
4181.088  1435874449
4181.088  1435874570
4176.064  1435874692
4181.088  1435874813
4181.088  1435874935
4181.088  1435875056
4181.088  1435875178
4176.064  1435875299
4181.088  1435875420
4176.064  1435875542
4181.088  1435875663
4181.088  1435875785
4181.088  1435875906
4176.064  1435876028
4176.064  1435876149
4176.064  1435876271
4181.088  1435876392
4176.064  1435876514
4181.088  1435876635
4176.064  1435876757
4181.088  1435876878
4176.064  1435876999
4181.088  1435877121
4181.088  1435877242
4181.088  1435877364
4186.112  1435877485
4176.064  1435877607
4176.064  1435877728
4176.064  1435877850
4181.088  1435877971
4181.088  1435878093
4181.088  1435878214
4181.088  1435878335
4181.088  1435878457
4176.064  1435878578
4181.088  1435878700
4181.088  1435878821
4181.088  1435878943
4181.088  1435879064
4186.112  1435879186
4176.064  1435879307
4176.064  1435879429
4181.088  1435879550
4181.088  1435879672
4181.088  1435879793
4181.088  1435879915
4181.088  1435880036
4186.112  1435880158
4181.088  1435880279
4181.088  1435880401
4181.088  1435880522
4181.088  1435880643
4181.088  1435880765
4181.088  1435880886
4181.088  1435881008
4176.064  1435881129
4186.112  1435881251
4176.064  1435881372
4176.064  1435881494
4181.088  1435881615
4181.088  1435881737
4181.088  1435881858
4181.088  1435881979
4176.064  1435882101
4176.064  1435882222
4181.088  1435882344
4181.088  1435882465
4181.088  1435882587
4181.088  1435882708
4186.112  1435882830
4176.064  1435882951
4176.064  1435883073
4181.088  1435883194
4186.112  1435883316
4181.088  1435883437
4181.088  1435883559
4181.088  1435883680
4181.088  1435883801
4181.088  1435883923
4181.088  1435884044
4176.064  1435884166
4181.088  1435884287
4176.064  1435884409
4181.088  1435884530
4181.088  1435884652
4181.088  1435884773
4181.088  1435884895
4181.088  1435885016
4176.064  1435885138
4176.064  1435885259
4181.088  1435885380
4181.088  1435885502
4181.088  1435885623
4181.088  1435885745
4181.088  1435885866
4181.088  1435885988
4181.088  1435886109
4181.088  1435886231
4181.088  1435886352
4181.088  1435886474
4181.088  1435886595
4181.088  1435886717
4186.112  1435886838
4181.088  1435886960
4181.088  1435887081
4176.064  1435887203
4181.088  1435887324
4176.064  1435887445
4181.088  1435887567
4176.064  1435887688
4181.088  1435887810
4181.088  1435887931
4181.088  1435888053
4181.088  1435888174
4181.088  1435888296
4181.088  1435888417
4181.088  1435888539
4176.064  1435888660
4176.064  1435888781
4181.088  1435888903
4176.064  1435889024
4181.088  1435889146
4176.064  1435889267
4181.088  1435889389
4181.088  1435889510
4181.088  1435889632
4176.064  1435889753
4181.088  1435889875
4181.088  1435889996
4181.088  1435890118
4176.064  1435890239
4181.088  1435890361
4186.112  1435890482
4181.088  1435890604
4181.088  1435890725
4181.088  1435890846
4181.088  1435890968
4181.088  1435891089
4181.088  1435891211
4176.064  1435891332
4181.088  1435891454
4176.064  1435891575
4181.088  1435891697
4181.088  1435891818
4176.064  1435891940
4171.04  1435892061
4181.088  1435892182
4181.088  1435892304
4181.088  1435892425
4186.112  1435892547
4181.088  1435892668
4181.088  1435892790
4181.088  1435892911
4181.088  1435893033
4186.112  1435893154
4181.088  1435893276
4176.064  1435893397
4181.088  1435893519
4181.088  1435893640
4181.088  1435893762
4181.088  1435893883
4181.088  1435894004
4181.088  1435894126
4181.088  1435894247
4176.064  1435894369
4176.064  1435894490
4176.064  1435894612
4181.088  1435894733
4181.088  1435894855
4181.088  1435894976
4176.064  1435895098
4176.064  1435895219
4181.088  1435895340
4181.088  1435895462
4176.064  1435895583
4186.112  1435895705
4181.088  1435895826
4181.088  1435895948
4176.064  1435896069
4176.064  1435896191
4181.088  1435896312
4181.088  1435896434
4181.088  1435896555
4181.088  1435896677
4181.088  1435896798
4176.064  1435896920
4181.088  1435897041
4181.088  1435897163
4186.112  1435897284
4181.088  1435897405
4186.112  1435897527
4181.088  1435897648
4181.088  1435897770
4176.064  1435897891
4181.088  1435898013
4181.088  1435898134
4176.064  1435898256
4181.088  1435898377
4181.088  1435898499
4181.088  1435898620
4181.088  1435898741
4181.088  1435898863
4181.088  1435898984
4181.088  1435899106
4181.088  1435899227
4181.088  1435899349
4176.064  1435899470
4181.088  1435899592
4186.112  1435899713
4181.088  1435899835
4176.064  1435899956
4176.064  1435900078
4181.088  1435900199
4181.088  1435900321
4181.088  1435900442
4181.088  1435900564
4171.04  1435900685
4176.064  1435900806
4181.088  1435900928
4176.064  1435901049
4181.088  1435901171
4181.088  1435901292
4181.088  1435901414
4181.088  1435901535
4186.112  1435901657
4176.064  1435901778
4181.088  1435901899
4181.088  1435902021
4176.064  1435902142
4181.088  1435902264
4181.088  1435902385
4181.088  1435902507
4181.088  1435902628
4176.064  1435902750
4181.088  1435902871
4181.088  1435902993
4181.088  1435903114
4181.088  1435903236
4186.112  1435903357
4186.112  1435903479
4181.088  1435903600
4186.112  1435903722
4181.088  1435903843
4181.088  1435903964
4181.088  1435904086
4176.064  1435904207
4181.088  1435904329
4181.088  1435904450
4181.088  1435904572
4176.064  1435904693
4181.088  1435904815
4181.088  1435904936
4176.064  1435905058
4181.088  1435905179
4181.088  1435905301
4181.088  1435905422
4176.064  1435905543
4181.088  1435905665
4176.064  1435905786
4181.088  1435905908
4176.064  1435906029
4181.088  1435906151
4181.088  1435906272
4181.088  1435906394
4181.088  1435906515
4181.088  1435906637
4181.088  1435906758
4181.088  1435906879
4181.088  1435907001
4181.088  1435907122
4176.064  1435907244
4181.088  1435907365
4181.088  1435907487
4186.112  1435907608
4186.112  1435907730
4181.088  1435907851
4181.088  1435907973
4176.064  1435908094
4176.064  1435908216
4181.088  1435908337
4181.088  1435908459
4186.112  1435908580
4181.088  1435908702
4176.064  1435908823
4176.064  1435908945
4181.088  1435909066
4176.064  1435909187
4181.088  1435909309
4176.064  1435909430
4181.088  1435909552
4176.064  1435909673
4181.088  1435909795
4181.088  1435909916
4176.064  1435910038
4181.088  1435910159
4181.088  1435910281
4176.064  1435910402
4181.088  1435910523
4176.064  1435910645
4181.088  1435910766
4176.064  1435910888
4181.088  1435911009
4176.064  1435911131
4176.064  1435911252
4181.088  1435911374
4186.112  1435911495
4181.088  1435911617
4181.088  1435911738
4176.064  1435911859
4181.088  1435911981
4181.088  1435912102
4176.064  1435912224
4181.088  1435912345
4181.088  1435912467
4181.088  1435912588
4181.088  1435912710
4176.064  1435912831
4176.064  1435912953
4176.064  1435913074
4186.112  1435913196
4181.088  1435913317
4181.088  1435913439
4176.064  1435913560
4181.088  1435913682
4186.112  1435913803
4181.088  1435913924
4186.112  1435914046
4181.088  1435914167
4181.088  1435914289
4181.088  1435914410
4176.064  1435914532
4181.088  1435914653
4181.088  1435914775
4181.088  1435914896
4181.088  1435915018
4186.112  1435915139
4181.088  1435915261
4176.064  1435915382
4176.064  1435915503
4181.088  1435915625
4181.088  1435915746
4181.088  1435915868
4181.088  1435915989
4181.088  1435916111
4181.088  1435916232
4181.088  1435916354
4176.064  1435916475
4181.088  1435916597
4181.088  1435916718
4181.088  1435916840
4176.064  1435916961
4186.112  1435917083
4186.112  1435917204
4181.088  1435917326
4176.064  1435917447
4176.064  1435917568
4176.064  1435917690
4181.088  1435917811
4181.088  1435917933
4181.088  1435918054
4176.064  1435918176
4176.064  1435918297
4176.064  1435918419
4181.088  1435918540
4181.088  1435918662
4181.088  1435918783
